1.000000000000000000e+01 1.590398966376763568e+01
2.000000000000000000e+01 3.741643326393964486e+01
3.000000000000000000e+01 6.266919380347886204e+01
4.000000000000000000e+01 8.849888915374297937e+01
5.000000000000000000e+01 1.153198993521842510e+02
6.000000000000000000e+01 1.436313575334422410e+02
7.000000000000000000e+01 1.726989663672335666e+02
8.000000000000000000e+01 2.033624794938845923e+02
9.000000000000000000e+01 2.324534523412855833e+02
1.000000000000000000e+02 2.639500814893949610e+02
1.100000000000000000e+02 2.954323864484928208e+02
1.200000000000000000e+02 3.278545287185266375e+02
1.300000000000000000e+02 3.592900496406571165e+02
1.400000000000000000e+02 3.927330032727294338e+02
1.500000000000000000e+02 4.275751233187385765e+02
1.600000000000000000e+02 4.622472864769354715e+02
1.700000000000000000e+02 4.952486699689542320e+02
1.800000000000000000e+02 5.311423157884829607e+02
1.900000000000000000e+02 5.675960578694197238e+02
2.000000000000000000e+02 6.020918449295990058e+02
2.100000000000000000e+02 6.356766359482030566e+02
2.200000000000000000e+02 6.733127958169413887e+02
2.300000000000000000e+02 7.082803571587677425e+02
2.400000000000000000e+02 7.468840857001064251e+02
2.500000000000000000e+02 7.849107366163224242e+02
2.600000000000000000e+02 8.249312091420368915e+02
2.700000000000000000e+02 8.592500724090490394e+02
2.800000000000000000e+02 8.965373910647176672e+02
2.900000000000000000e+02 9.374749148563330436e+02
3.000000000000000000e+02 9.750024657802168804e+02
3.100000000000000000e+02 1.013505102081244786e+03
3.200000000000000000e+02 1.052896271832249113e+03
3.300000000000000000e+02 1.097609596389899707e+03
3.400000000000000000e+02 1.126240078994678015e+03
3.500000000000000000e+02 1.172202808544946265e+03
3.600000000000000000e+02 1.204729091118190127e+03
3.700000000000000000e+02 1.248964391360759237e+03
3.800000000000000000e+02 1.295782449783103630e+03
3.900000000000000000e+02 1.337476622349216314e+03
4.000000000000000000e+02 1.372185495570290641e+03
4.100000000000000000e+02 1.416281423618943791e+03
4.200000000000000000e+02 1.449624737216545554e+03
4.300000000000000000e+02 1.497331795287961313e+03
4.400000000000000000e+02 1.538572011543760254e+03
4.500000000000000000e+02 1.575849860973525665e+03
4.600000000000000000e+02 1.624881225349718306e+03
4.700000000000000000e+02 1.663917432070343921e+03
4.800000000000000000e+02 1.699110231855177517e+03
4.900000000000000000e+02 1.737287034752462432e+03
5.000000000000000000e+02 1.786136167265042104e+03
5.100000000000000000e+02 1.822200289220047125e+03
5.200000000000000000e+02 1.872537983314888152e+03
5.300000000000000000e+02 1.896546728194602110e+03
5.400000000000000000e+02 1.957414991800219241e+03
5.500000000000000000e+02 1.997736362896474475e+03
5.600000000000000000e+02 2.039540874523434013e+03
5.700000000000000000e+02 2.086430520640889881e+03
5.800000000000000000e+02 2.125920151274098771e+03
5.900000000000000000e+02 2.170558962998462448e+03
6.000000000000000000e+02 2.214052885854991928e+03
6.100000000000000000e+02 2.260903972218783110e+03
6.200000000000000000e+02 2.315613633818586095e+03
6.300000000000000000e+02 2.344084032272698551e+03
6.400000000000000000e+02 2.388641324966363754e+03
6.500000000000000000e+02 2.433923881375706969e+03
6.600000000000000000e+02 2.470683223308912147e+03
6.700000000000000000e+02 2.527762997795937281e+03
6.800000000000000000e+02 2.566093544784525420e+03
6.900000000000000000e+02 2.597877384488623193e+03
7.000000000000000000e+02 2.663216814803279249e+03
7.100000000000000000e+02 2.710910946471806710e+03
7.200000000000000000e+02 2.748031180792422674e+03
7.300000000000000000e+02 2.764320131508457962e+03
7.400000000000000000e+02 2.854208926049830097e+03
7.500000000000000000e+02 2.863500195193601030e+03
7.600000000000000000e+02 2.972563527269557653e+03
7.700000000000000000e+02 2.993115209214184233e+03
7.800000000000000000e+02 3.055840632880285739e+03
7.900000000000000000e+02 3.084947751835127747e+03
8.000000000000000000e+02 3.125782716223966418e+03
8.100000000000000000e+02 3.161304380340252010e+03
8.200000000000000000e+02 3.211970851018179019e+03
8.300000000000000000e+02 3.248277062053814916e+03
8.400000000000000000e+02 3.284073987473950183e+03
8.500000000000000000e+02 3.330107950444659309e+03
8.600000000000000000e+02 3.437329016214104740e+03
8.700000000000000000e+02 3.421587829689153295e+03
8.800000000000000000e+02 3.507714623558148560e+03
8.900000000000000000e+02 3.524627373453047312e+03
9.000000000000000000e+02 3.566856661704902308e+03
9.100000000000000000e+02 3.685420833990824576e+03
9.200000000000000000e+02 3.633566675130754447e+03
9.300000000000000000e+02 3.776828819994248988e+03
9.400000000000000000e+02 3.840354657342829341e+03
9.500000000000000000e+02 3.821086174277119426e+03
9.600000000000000000e+02 3.855052867842420710e+03
9.700000000000000000e+02 4.021056668765381801e+03
9.800000000000000000e+02 3.965035153572456238e+03
9.900000000000000000e+02 3.947943147024647260e+03
1.000000000000000000e+03 4.039878919155471067e+03
1.100000000000000000e+03 4.570738188243734839e+03