1.000000000000000000e+01 4.922024846471964921e+00
2.000000000000000000e+01 5.579225681455645791e+00
3.000000000000000000e+01 5.412169342459498544e+00
4.000000000000000000e+01 5.638116185200079400e+00
5.000000000000000000e+01 5.757826155994448136e+00
6.000000000000000000e+01 5.853618400307256664e+00
7.000000000000000000e+01 5.924284972547556372e+00
8.000000000000000000e+01 5.984602974194825897e+00
9.000000000000000000e+01 5.999163242983953204e+00
1.000000000000000000e+02 6.030862286890676494e+00
1.100000000000000000e+02 6.054246944066779434e+00
1.200000000000000000e+02 6.084533137526280555e+00
1.300000000000000000e+02 6.097019224324443876e+00
1.400000000000000000e+02 6.111364068091416080e+00
1.500000000000000000e+02 6.116316278360970138e+00
1.600000000000000000e+02 6.151893988398440705e+00
1.700000000000000000e+02 6.144270367474638839e+00
1.800000000000000000e+02 6.150417711001599841e+00
1.900000000000000000e+02 6.173339873675270262e+00
2.000000000000000000e+02 6.169945470291243517e+00
2.100000000000000000e+02 6.160266256074242719e+00
2.200000000000000000e+02 6.178342304683994257e+00
2.300000000000000000e+02 6.183534292549545341e+00
2.400000000000000000e+02 6.175439166091810428e+00
2.500000000000000000e+02 6.194303008284322232e+00
2.600000000000000000e+02 6.211298671953197292e+00
2.700000000000000000e+02 6.214156526598471508e+00
2.800000000000000000e+02 6.205897192093035919e+00
2.900000000000000000e+02 6.211609244651047135e+00
3.000000000000000000e+02 6.225538844686678175e+00
3.100000000000000000e+02 6.205152529110657511e+00
3.200000000000000000e+02 6.220684817704440484e+00
3.300000000000000000e+02 6.216394025673714019e+00
3.400000000000000000e+02 6.203725508142668765e+00
3.500000000000000000e+02 6.215213023007643223e+00
3.600000000000000000e+02 6.205338686478875765e+00
3.700000000000000000e+02 6.226846345126803683e+00
3.800000000000000000e+02 6.221244704532569614e+00
3.900000000000000000e+02 6.233200968705915557e+00
4.000000000000000000e+02 6.233948997703001815e+00
4.100000000000000000e+02 6.227469060896584807e+00
4.200000000000000000e+02 6.233512636545981422e+00
4.300000000000000000e+02 6.233512636545981422e+00
4.400000000000000000e+02 6.240498081818048881e+00
4.500000000000000000e+02 6.236255985598588403e+00
4.600000000000000000e+02 6.250740895483681392e+00
4.700000000000000000e+02 6.241933561450697887e+00
4.800000000000000000e+02 6.227406786517343917e+00
4.900000000000000000e+02 6.236068900725303621e+00
5.000000000000000000e+02 6.241683889101717675e+00
5.100000000000000000e+02 6.245679845360349702e+00
5.200000000000000000e+02 6.250928420523405471e+00
5.300000000000000000e+02 6.239749266978019904e+00
5.400000000000000000e+02 6.247991174472652176e+00
5.500000000000000000e+02 6.270273662348922805e+00
5.600000000000000000e+02 6.257432767755050307e+00
5.700000000000000000e+02 6.258308869668239183e+00
5.800000000000000000e+02 6.263192254859214714e+00
5.900000000000000000e+02 6.246554301749219107e+00
6.000000000000000000e+02 6.252116209759713605e+00
6.100000000000000000e+02 6.264006522778617025e+00
6.200000000000000000e+02 6.269897457215446224e+00
6.300000000000000000e+02 6.257557917661901392e+00
6.400000000000000000e+02 6.266261971083157967e+00
6.500000000000000000e+02 6.247178988413205403e+00
6.600000000000000000e+02 6.317098470690551970e+00
6.700000000000000000e+02 6.306999194712742174e+00
6.800000000000000000e+02 6.315203625390349629e+00
6.900000000000000000e+02 6.251991168685926858e+00
7.000000000000000000e+02 6.273785998962300603e+00
7.100000000000000000e+02 6.266261971083151749e+00
7.200000000000000000e+02 6.261438806522082068e+00
7.300000000000000000e+02 6.251866130112947673e+00
7.400000000000000000e+02 6.310279687148104166e+00
7.500000000000000000e+02 6.248616004831100135e+00
7.600000000000000000e+02 6.298616461537019262e+00
7.700000000000000000e+02 6.292069305528263712e+00
7.800000000000000000e+02 6.312046812846564769e+00
7.900000000000000000e+02 6.238064762094332139e+00
8.000000000000000000e+02 6.265698032883358692e+00
8.100000000000000000e+02 6.228652392431089702e+00
8.200000000000000000e+02 6.320637036540108333e+00
8.300000000000000000e+02 6.279309360564049314e+00
8.400000000000000000e+02 6.284586196387691004e+00
8.500000000000000000e+02 6.274978131551117499e+00
8.600000000000000000e+02 6.254867746185626132e+00
8.700000000000000000e+02 6.233076305933166417e+00
8.800000000000000000e+02 6.281507503492824718e+00
8.900000000000000000e+02 6.220809232644940678e+00
9.000000000000000000e+02 6.255555819481041446e+00
9.100000000000000000e+02 6.304035601590165960e+00
9.200000000000000000e+02 6.276735371430050670e+00
9.300000000000000000e+02 6.300317317586864974e+00
9.400000000000000000e+02 6.317793389742175414e+00
9.500000000000000000e+02 6.259122502706305546e+00
9.600000000000000000e+02 6.314256415889031970e+00
9.700000000000000000e+02 6.249490872311071143e+00
9.800000000000000000e+02 6.263630693662239679e+00
9.900000000000000000e+02 6.253429292032576470e+00
1.000000000000000000e+03 6.259623252536240301e+00
1.100000000000000000e+03 6.262879103075333020e+00
