1.000000000000000000e+01 3.231188415305823014e+00
2.000000000000000000e+01 6.706384613245744752e+00
3.000000000000000000e+01 1.157931133304109927e+01
4.000000000000000000e+01 1.569653519841440215e+01
5.000000000000000000e+01 2.002837463790482886e+01
6.000000000000000000e+01 2.453719182068701699e+01
7.000000000000000000e+01 2.915102280992564943e+01
8.000000000000000000e+01 3.398094750324605684e+01
9.000000000000000000e+01 3.874764578429181228e+01
1.000000000000000000e+02 4.376655757223058174e+01
1.100000000000000000e+02 4.879754479424057934e+01
1.200000000000000000e+02 5.388326783800189901e+01
1.300000000000000000e+02 5.892880380092073977e+01
1.400000000000000000e+02 6.426274051046353009e+01
1.500000000000000000e+02 6.990729449872705459e+01
1.600000000000000000e+02 7.513902016983148258e+01
1.700000000000000000e+02 8.060333291819428325e+01
1.800000000000000000e+02 8.635873866557041367e+01
1.900000000000000000e+02 9.194310850918758149e+01
2.000000000000000000e+02 9.758462985268135981e+01
2.100000000000000000e+02 1.031897988697165829e+02
2.200000000000000000e+02 1.089795227607382486e+02
2.300000000000000000e+02 1.145429658265443607e+02
2.400000000000000000e+02 1.209442868130105211e+02
2.500000000000000000e+02 1.267149404164722029e+02
2.600000000000000000e+02 1.328113898091830265e+02
2.700000000000000000e+02 1.382730011275381514e+02
2.800000000000000000e+02 1.444653953028742421e+02
2.900000000000000000e+02 1.509230342625968149e+02
3.000000000000000000e+02 1.566133454636386944e+02
3.100000000000000000e+02 1.633328266028141513e+02
3.200000000000000000e+02 1.692572928362554876e+02
3.300000000000000000e+02 1.765669280062960809e+02
3.400000000000000000e+02 1.815425388367743267e+02
3.500000000000000000e+02 1.886021933931555168e+02
3.600000000000000000e+02 1.941439705367307056e+02
3.700000000000000000e+02 2.005773584469788773e+02
3.800000000000000000e+02 2.082834724117256258e+02
3.900000000000000000e+02 2.145729985386452086e+02
4.000000000000000000e+02 2.201149698330695799e+02
4.100000000000000000e+02 2.274248831699595996e+02
4.200000000000000000e+02 2.325534288191945507e+02
4.300000000000000000e+02 2.402067473978267174e+02
4.400000000000000000e+02 2.465463479632265091e+02
4.500000000000000000e+02 2.526916574003123230e+02
4.600000000000000000e+02 2.599501807095757613e+02
4.700000000000000000e+02 2.665708334908374582e+02
4.800000000000000000e+02 2.728439445346397747e+02
4.900000000000000000e+02 2.785868890175992760e+02
5.000000000000000000e+02 2.861625482802360807e+02
5.100000000000000000e+02 2.917537136607606385e+02
5.200000000000000000e+02 2.995615782716155309e+02
5.300000000000000000e+02 3.039459835720483625e+02
5.400000000000000000e+02 3.132870929455867213e+02
5.500000000000000000e+02 3.186043337936382045e+02
5.600000000000000000e+02 3.259389193973154875e+02
5.700000000000000000e+02 3.333856740042129445e+02
5.800000000000000000e+02 3.394307670540899835e+02
5.900000000000000000e+02 3.474810044300170375e+02
6.000000000000000000e+02 3.541285560877449257e+02
6.100000000000000000e+02 3.609357627577758194e+02
6.200000000000000000e+02 3.693224091175143826e+02
6.300000000000000000e+02 3.746004532625327101e+02
6.400000000000000000e+02 3.811907858288079183e+02
6.500000000000000000e+02 3.896036732563553642e+02
6.600000000000000000e+02 3.911104496426870014e+02
6.700000000000000000e+02 4.007869542642404781e+02
6.800000000000000000e+02 4.063358360239591320e+02
6.900000000000000000e+02 4.155279997035980273e+02
7.000000000000000000e+02 4.244991485593837410e+02
7.100000000000000000e+02 4.326201105191287297e+02
7.200000000000000000e+02 4.388817435906264564e+02
7.300000000000000000e+02 4.421592007854648614e+02
7.400000000000000000e+02 4.523110016601774532e+02
7.500000000000000000e+02 4.582615083051500733e+02
7.600000000000000000e+02 4.719391227298476110e+02
7.700000000000000000e+02 4.756964781974681387e+02
7.800000000000000000e+02 4.841283221570695332e+02
7.900000000000000000e+02 4.945360251116413792e+02
8.000000000000000000e+02 4.988722245820612784e+02
8.100000000000000000e+02 5.075422709704901649e+02
8.200000000000000000e+02 5.081720137463231595e+02
8.300000000000000000e+02 5.172984599952936833e+02
8.400000000000000000e+02 5.225600994002753623e+02
8.500000000000000000e+02 5.306963435777722680e+02
8.600000000000000000e+02 5.495446355856641958e+02
8.700000000000000000e+02 5.489404688391506397e+02
8.800000000000000000e+02 5.584192364026769155e+02
8.900000000000000000e+02 5.665866355388073998e+02
9.000000000000000000e+02 5.701902060560315704e+02
9.100000000000000000e+02 5.846129474683158378e+02
9.200000000000000000e+02 5.788943551244389027e+02
9.300000000000000000e+02 5.994664442458340545e+02
9.400000000000000000e+02 6.078632871372755062e+02
9.500000000000000000e+02 6.104827270316193335e+02
9.600000000000000000e+02 6.105315676033784484e+02
9.700000000000000000e+02 6.434214803930722155e+02
9.800000000000000000e+02 6.330250532785109954e+02
9.900000000000000000e+02 6.313245041492157270e+02
1.000000000000000000e+03 6.453869116673458848e+02
1.100000000000000000e+03 7.298142137214996410e+02
